-128	-86
-127	-85
-126	-88
-125	-87
-124	-82
-123	-81
-122	-84
-121	-83
-120	-94
-119	-93
-118	-96
-117	-95
-116	-90
-115	-89
-114	-92
-113	-91
-112	-70
-111	-69
-110	-72
-109	-71
-108	-66
-107	-65
-106	-68
-105	-67
-104	-78
-103	-77
-102	-80
-101	-79
-100	-74
-99	-73
-98	-76
-97	-75
-96	-118
-95	-117
-94	-120
-93	-119
-92	-114
-91	-113
-90	-116
-89	-115
-88	-126
-87	-125
-86	-128
-85	-127
-84	-122
-83	-121
-82	-124
-81	-123
-80	-102
-79	-101
-78	-104
-77	-103
-76	-98
-75	-97
-74	-100
-73	-99
-72	-110
-71	-109
-70	-112
-69	-111
-68	-106
-67	-105
-66	-108
-65	-107
-64	-22
-63	-21
-62	-24
-61	-23
-60	-18
-59	-17
-58	-20
-57	-19
-56	-30
-55	-29
-54	-32
-53	-31
-52	-26
-51	-25
-50	-28
-49	-27
-48	-6
-47	-5
-46	-8
-45	-7
-44	-2
-43	-1
-42	-4
-41	-3
-40	-14
-39	-13
-38	-16
-37	-15
-36	-10
-35	-9
-34	-12
-33	-11
-32	-54
-31	-53
-30	-56
-29	-55
-28	-50
-27	-49
-26	-52
-25	-51
-24	-62
-23	-61
-22	-64
-21	-63
-20	-58
-19	-57
-18	-60
-17	-59
-16	-38
-15	-37
-14	-40
-13	-39
-12	-34
-11	-33
-10	-36
-9	-35
-8	-46
-7	-45
-6	-48
-5	-47
-4	-42
-3	-41
-2	-44
-1	-43
0	42
1	43
2	40
3	41
4	46
5	47
6	44
7	45
8	34
9	35
10	32
11	33
12	38
13	39
14	36
15	37
16	58
17	59
18	56
19	57
20	62
21	63
22	60
23	61
24	50
25	51
26	48
27	49
28	54
29	55
30	52
31	53
32	10
33	11
34	8
35	9
36	14
37	15
38	12
39	13
40	2
41	3
42	0
43	1
44	6
45	7
46	4
47	5
48	26
49	27
50	24
51	25
52	30
53	31
54	28
55	29
56	18
57	19
58	16
59	17
60	22
61	23
62	20
63	21
64	106
65	107
66	104
67	105
68	110
69	111
70	108
71	109
72	98
73	99
74	96
75	97
76	102
77	103
78	100
79	101
80	122
81	123
82	120
83	121
84	126
85	127
86	124
87	125
88	114
89	115
90	112
91	113
92	118
93	119
94	116
95	117
96	74
97	75
98	72
99	73
100	78
101	79
102	76
103	77
104	66
105	67
106	64
107	65
108	70
109	71
110	68
111	69
112	90
113	91
114	88
115	89
116	94
117	95
118	92
119	93
120	82
121	83
122	80
123	81
124	86
125	87
126	84

\-128\-127\-126\-125\-124\-123\-122\-121\-120\-119\-118\-117\-116\-115\-114\-113\-112\-111\-110\-109\-108\-107\-106\-105\-104\-103\-102\-101\-100\-99\-98\-97\-96\-95\-94\-93\-92\-91\-90\-89\-88\-87\-86\-85\-84\-83\-82\-81\-80\-79\-78\-77\-76\-75\-74\-73\-72\-71\-70\-69\-68\-67\-66\-65\-64\-63\-62\-61\-60\-59\-58\-57\-56\-55\-54\-53\-52\-51\-50\-49\-48\-47\-46\-45\-44\-43\-42\-41\-40\-39\-38\-37\-36\-35\-34\-33\-32\-31\-30\-29\-28\-27\-26\-25\-24\-23\-22\-21\-20\-19\-18\-17\-16\-15\-14\-13\-12\-11\-10\-9\-8\-7\-6\-5\-4\-3\-2\-1\0\1\2\3\4\5\6\7\8\9\10\11\12\13\14\15\16\17\18\19\20\21\22\23\24\25\26\27\28\29\30\31\32\33\34\35\36\37\38\39\40\41\42\43\44\45\46\47\48\49\50\51\52\53\54\55\56\57\58\59\60\61\62\63\64\65\66\67\68\69\70\71\72\73\74\75\76\77\78\79\80\81\82\83\84\85\86\87\88\89\90\91\92\93\94\95\96\97\98\99\100\101\102\103\104\105\106\107\108\109\110\111\112\113\114\115\116\117\118\119\120\121\122\123\124\125\126
\-86\-85\-88\-87\-82\-81\-84\-83\-94\-93\-96\-95\-90\-89\-92\-91\-70\-69\-72\-71\-66\-65\-68\-67\-78\-77\-80\-79\-74\-73\-76\-75\-118\-117\-120\-119\-114\-113\-116\-115\-126\-125\-128\-127\-122\-121\-124\-123\-102\-101\-104\-103\-98\-97\-100\-99\-110\-109\-112\-111\-106\-105\-108\-107\-22\-21\-24\-23\-18\-17\-20\-19\-30\-29\-32\-31\-26\-25\-28\-27\-6\-5\-8\-7\-2\-1\-4\-3\-14\-13\-16\-15\-10\-9\-12\-11\-54\-53\-56\-55\-50\-49\-52\-51\-62\-61\-64\-63\-58\-57\-60\-59\-38\-37\-40\-39\-34\-33\-36\-35\-46\-45\-48\-47\-42\-41\-44\-43\42\43\40\41\46\47\44\45\34\35\32\33\38\39\36\37\58\59\56\57\62\63\60\61\50\51\48\49\54\55\52\53\10\11\8\9\14\15\12\13\2\3\0\1\6\7\4\5\26\27\24\25\30\31\28\29\18\19\16\17\22\23\20\21\106\107\104\105\110\111\108\109\98\99\96\97\102\103\100\101\122\123\120\121\126\127\124\125\114\115\112\113\118\119\116\117\74\75\72\73\78\79\76\77\66\67\64\65\70\71\68\69\90\91\88\89\94\95\92\93\82\83\80\81\86\87\84
\0\1\2\3\4\5\6\7\8\9\10\11\12\13\14\15\16\17\18\19\20\21\22\23\24\25\26\27\28\29\30\31\32\33\34\35\36\37\38\39\40\41\42\43\44\45\46\47\48\49\50\51\52\53\54\55\56\57\58\59\60\61\62\63\64\65\66\67\68\69\70\71\72\73\74\75\76\77\78\79\80\81\82\83\84\85\86\87\88\89\90\91\92\93\94\95\96\97\98\99\100\101\102\103\104\105\106\107\108\109\110\111\112\113\114\115\116\117\118\119\120\121\122\123\124\125\126
\42\43\40\41\46\47\44\45\34\35\32\33\38\39\36\37\58\59\56\57\62\63\60\61\50\51\48\49\54\55\52\53\10\11\8\9\14\15\12\13\2\3\0\1\6\7\4\5\26\27\24\25\30\31\28\29\18\19\16\17\22\23\20\21\106\107\104\105\110\111\108\109\98\99\96\97\102\103\100\101\122\123\120\121\126\127\124\125\114\115\112\113\118\119\116\117\74\75\72\73\78\79\76\77\66\67\64\65\70\71\68\69\90\91\88\89\94\95\92\93\82\83\80\81\86\87\84

\000\001\002\003\004\005\006\007\008\009\010\011\012\013\014\015\016\017\018\019\020\021\022\023\024\025\026\027\028\029\030\031\032\033\034\035\036\037\038\039\040\041\042\043\044\045\046\047\048\049\050\051\052\053\054\055\056\057\058\059\060\061\062\063\064\065\066\067\068\069\070\071\072\073\074\075\076\077\078\079\080\081\082\083\084\085\086\087\088\089\090\091\092\093\094\095\096\097\098\099\100\101\102\103\104\105\106\107\108\109\110\111\112\113\114\115\116\117\118\119\120\121\122\123\124\125\126
\042\043\040\041\046\047\044\045\034\035\032\033\038\039\036\037\058\059\056\057\062\063\060\061\050\051\048\049\054\055\052\053\010\011\008\009\014\015\012\013\002\003\000\001\006\007\004\005\026\027\024\025\030\031\028\029\018\019\016\017\022\023\020\021\106\107\104\105\110\111\108\109\098\099\096\097\102\103\100\101\122\123\120\121\126\127\124\125\114\115\112\113\118\119\116\117\074\075\072\073\078\079\076\077\066\067\064\065\070\071\068\069\090\091\088\089\094\095\092\093\082\083\080\081\086\087\084